8.395384508172859528e-01
7.352196274083284688e-01
6.543367104030406445e-01
5.987057109035313074e-01
5.494845509211750967e-01
5.199655105389903165e-01
4.849387328719279022e-01
4.572569075288504536e-01
4.354783686483870153e-01
4.134942162477209804e-01
3.987375869031969944e-01
3.734701161923086321e-01
3.551309837907981048e-01
3.373106852629148555e-01
3.284732946332188930e-01
3.167473350570564894e-01
3.042969695510807093e-01
3.151987581176387554e-01
2.888241673016215816e-01
3.314543022020816632e-01
2.817115119738276552e-01
2.697020943889422151e-01
2.674513917503323346e-01
2.925329552775987052e-01
2.598075269268264598e-01
2.559706325583670505e-01
2.498112425449387219e-01
2.531085011399845097e-01
2.447734854119424652e-01
2.443180320711625941e-01
2.457638620101227633e-01
2.390008452251912163e-01
2.364359157368441100e-01
2.318383157500030489e-01
2.277633617734865501e-01
2.268789047230457545e-01
2.254602830157746707e-01
2.578591494054447986e-01
2.221235923714545701e-01
2.171663750413596883e-01
2.197944474422250938e-01
2.164022565053468627e-01
2.135507619473940299e-01
2.107147915293961782e-01
2.119047503853742076e-01
2.101289678183836940e-01
2.068858012431553095e-01
2.100948120707471223e-01
2.130434917331547329e-01
2.057263715908765056e-01
